     strata1 strata2 strata3 strata4 strata5 strata6 strata7 strata8 strata9
[1,]       3       3       2       2       1       1       2       1       1
[2,]       3       3       2       2       2       1       2       1       1
[3,]       3       2       2       2       1       1       2       1       1
[4,]       3       2       2       2       2       1       2       1       1
[5,]       3       3       2       2       1       2       2       1       1
          CV  CV.025  CV.975      RR  RR.025  RR.975        B    B.025    B.975
[1,] 0.07268 0.05840 0.08741 0.56569 0.55729 0.57441 40.15824 39.07487 41.26475
[2,] 0.07289 0.05874 0.08686 0.57138 0.56307 0.58003 41.07685 39.98328 42.19536
[3,] 0.07295 0.05888 0.08762 0.56469 0.55623 0.57339 40.02756 38.93987 41.13441
[4,] 0.07339 0.05920 0.08728 0.57038 0.56188 0.57893 40.94618 39.85183 42.08101
[5,] 0.07770 0.06357 0.09233 0.56791 0.55961 0.57641 40.51556 39.43104 41.62809
     RR.restraint B.restraint
[1,]            1      0.0008
[2,]            1      0.0452
[3,]            1      0.0002
[4,]            1      0.0308
[5,]            1      0.0056
