$strata.size
        1   2    3   4   5   6    7   8    9
[1,] 5841 720 1370 626 371 188 1240 825 2016
[2,] 4092 495  828 378 196  85  693 441  882
[3,]  974  42  170  96  42  13  134  39  128

$statistics
                    strata1 strata2 strata3 strata4 strata5 strata6 strata7 strata8 strata9
Web                 0.29956 0.31304 0.39567 0.39588 0.47195 0.54779 0.44107 0.46537 0.56278
Web -> F2F-short    0.51277 0.55261 0.62707 0.60840 0.67359 0.70198 0.60870 0.66525 0.71326
Web -> F2F-extended 0.55896 0.56990 0.68076 0.67412 0.71707 0.73378 0.64424 0.67677 0.73945

$quantiles.s1
         2.5%     25%     50%     75%   97.5%
 [1,] 0.28783 0.29554 0.29954 0.30368 0.31120
 [2,] 0.27898 0.30136 0.31295 0.32458 0.34910
 [3,] 0.37023 0.38666 0.39548 0.40459 0.42203
 [4,] 0.35760 0.38271 0.39520 0.40862 0.43605
 [5,] 0.42222 0.45458 0.47202 0.48920 0.52253
 [6,] 0.47660 0.52378 0.54745 0.57214 0.61775
 [7,] 0.41310 0.43148 0.44123 0.45075 0.46844
 [8,] 0.43094 0.45360 0.46531 0.47690 0.49902
 [9,] 0.54101 0.55534 0.56287 0.57038 0.58399

$quantiles.s2
         2.5%     25%     50%     75%   97.5%
 [1,] 0.49967 0.50827 0.51284 0.51723 0.52537
 [2,] 0.51619 0.54039 0.55283 0.56498 0.58775
 [3,] 0.60106 0.61838 0.62736 0.63586 0.65248
 [4,] 0.57006 0.59538 0.60837 0.62183 0.64577
 [5,] 0.62446 0.65720 0.67398 0.69011 0.71973
 [6,] 0.63571 0.67948 0.70196 0.72477 0.76584
 [7,] 0.58134 0.59946 0.60867 0.61821 0.63484
 [8,] 0.63251 0.65455 0.66546 0.67612 0.69737
 [9,] 0.69330 0.70656 0.71322 0.71992 0.73280

$quantiles.s3
         2.5%     25%     50%     75%   97.5%
 [1,] 0.54622 0.55459 0.55881 0.56330 0.57177
 [2,] 0.53398 0.55739 0.56969 0.58234 0.60697
 [3,] 0.65485 0.67221 0.68122 0.68921 0.70485
 [4,] 0.63715 0.66149 0.67440 0.68699 0.71006
 [5,] 0.66857 0.70154 0.71735 0.73316 0.76223
 [6,] 0.66852 0.71220 0.73445 0.75595 0.79663
 [7,] 0.61703 0.63535 0.64432 0.65333 0.67057
 [8,] 0.64412 0.66597 0.67700 0.68778 0.70823
 [9,] 0.72046 0.73308 0.73965 0.74606 0.75789

